1 0 0 0 5.96046e-08 -1 0 1 5.96046e-08 0 -11.5 0
0.866025 0 0.500001 0.500001 6.70552e-08 -0.866025 0 1 6.70552e-08 5.75 -9.95929 0
0.5 0 0.866025 0.866025 -4.47035e-08 -0.5 0 1 -4.47035e-08 9.95929 -5.75 0
0 0 1 1 0 0 0 1 0 11.5 -7.04171e-16 0
-0.5 0 0.866025 0.866025 -5.96046e-08 0.5 0 1 -5.96046e-08 9.95929 5.75 0
-0.866025 0 0.500001 0.500001 5.96046e-08 0.866025 0 1 5.96046e-08 5.75 9.95929 0
-1 0 0 0 5.96046e-08 1 0 1 5.96046e-08 1.40835e-15 11.5 0
-0.866025 0 -0.500001 -0.500001 5.96046e-08 0.866025 0 1 5.96046e-08 -5.75 9.95929 0
-0.5 0 -0.866025 -0.866025 -5.96046e-08 0.5 0 1 -5.96046e-08 -9.95929 5.75 0
0 0 -1 -1 0 0 0 1 0 -11.5 2.11252e-15 0
0.5 0 -0.866025 -0.866025 -4.47035e-08 -0.5 0 1 -4.47035e-08 -9.95929 -5.75 0
0.866025 0 -0.500001 -0.500001 6.70552e-08 -0.866025 0 1 6.70552e-08 -5.75 -9.95929 0
1 0 0 0 -1 0 0 0 -1 0 -7.04171e-16 -11.5
1 0 0 0 1 0 0 0 1 0 -7.04171e-16 11.5
