1 0 0 0 -5.96046e-07 1 0 -1 -5.96046e-07 0 -11.5 0
0.866025 0.500001 0 0 -1.08033e-06 1 0.500001 -0.866026 -1.08033e-06 5.75 -9.95929 0
0.500001 0.866024 0 0 1.68383e-06 0.999998 0.866024 -0.499999 1.68383e-06 9.95929 -5.75 0
0 1 0 0 0 1 1 0 0 11.5 -7.04171e-16 0
-0.499998 0.866024 0 0 1.66893e-06 0.999998 0.866024 0.499999 1.66893e-06 9.95929 5.75 0
-0.866027 0.500001 0 0 -1.07288e-06 1 0.500001 0.866026 -1.07288e-06 5.75 9.95929 0
-1 0 0 0 -5.96046e-07 1 0 1 -5.96046e-07 1.40835e-15 11.5 0
-0.866027 -0.500001 0 0 -1.07288e-06 1 -0.500001 0.866026 -1.07288e-06 -5.75 9.95929 0
-0.499998 -0.866024 0 0 1.66893e-06 0.999998 -0.866024 0.499999 1.66893e-06 -9.95929 5.75 0
0 -1 0 0 0 1 -1 0 0 -11.5 2.11252e-15 0
0.500001 -0.866024 0 0 1.68383e-06 0.999998 -0.866024 -0.499999 1.68383e-06 -9.95929 -5.75 0
0.866025 -0.500001 0 0 -1.08033e-06 1 -0.500001 -0.866026 -1.08033e-06 -5.75 -9.95929 0
1 0 0 0 -1 0 0 0 -1 0 -7.04171e-16 -11.5
1 0 0 0 1 0 0 0 1 0 -7.04171e-16 11.5
