1 -0 0 0 -5.96046e-07 1 -0 -1 -5.96046e-07 0 37.5 0
0.866025 0 -0.500001 0.500001 -1.08033e-06 0.866026 0 -1 -1.08033e-06 -18.75 32.4759 0
0.500001 0 -0.866024 0.866024 1.68383e-06 0.499999 0 -0.999998 1.68383e-06 -32.4759 18.75 0
0 0 -1 1 0 0 0 -1 0 -37.5 0 0
-0.499998 0 -0.866024 0.866024 1.66893e-06 -0.499999 0 -0.999998 1.66893e-06 -32.4759 -18.75 0
-0.866027 0 -0.500001 0.500001 -1.07288e-06 -0.866026 0 -1 -1.07288e-06 -18.75 -32.4759 0
-1 0 0 0 -5.96046e-07 -1 -0 -1 -5.96046e-07 0 -37.5 0
-0.866027 0 0.500001 -0.500001 -1.07288e-06 -0.866026 0 -1 -1.07288e-06 18.75 -32.4759 0
-0.499998 0 0.866024 -0.866024 1.66893e-06 -0.499999 0 -0.999998 1.66893e-06 32.4759 -18.75 0
0 0 1 -1 0 0 0 -1 0 37.5 0 0
0.500001 0 0.866024 -0.866024 1.68383e-06 0.499999 0 -0.999998 1.68383e-06 32.4759 18.75 0
0.866025 0 0.500001 -0.500001 -1.08033e-06 0.866026 0 -1 -1.08033e-06 18.75 32.4759 0
1 0 0 0 1 0 0 0 1 0 0 37.5
1 0 0 0 -1 0 0 0 -1 0 0 -37.5
