1 0 -0 -0 5.96046e-08 -1 0 1 5.96046e-08 0 37.5 0
0.866025 0.500001 0 0 6.70552e-08 -1 -0.500001 0.866025 6.70552e-08 -18.75 32.4759 0
0.5 0.866025 0 0 -4.47035e-08 -1 -0.866025 0.5 -4.47035e-08 -32.4759 18.75 0
0 1 0 0 0 -1 -1 0 0 -37.5 0 0
-0.5 0.866025 0 0 -5.96046e-08 -1 -0.866025 -0.5 -5.96046e-08 -32.4759 -18.75 0
-0.866025 0.500001 0 0 5.96046e-08 -1 -0.500001 -0.866025 5.96046e-08 -18.75 -32.4759 0
-1 0 -0 0 5.96046e-08 -1 0 -1 5.96046e-08 0 -37.5 0
-0.866025 -0.500001 0 0 5.96046e-08 -1 0.500001 -0.866025 5.96046e-08 18.75 -32.4759 0
-0.5 -0.866025 0 0 -5.96046e-08 -1 0.866025 -0.5 -5.96046e-08 32.4759 -18.75 0
0 -1 0 0 0 -1 1 0 0 37.5 0 0
0.5 -0.866025 0 0 -4.47035e-08 -1 0.866025 0.5 -4.47035e-08 32.4759 18.75 0
0.866025 -0.500001 0 0 6.70552e-08 -1 0.500001 0.866025 6.70552e-08 18.75 32.4759 0
1 0 0 0 1 0 0 0 1 0 0 37.5
1 0 0 0 -1 0 0 0 -1 0 0 -37.5
